1:5,7,7,3,2,5,6,3,3,1,9,8,9,2,5,6,8,2,2,6,8,2,8,4,8,6,8,4,3,8
2:8,1,1,9,7,8,1,1,7,5,3,4,7,6,9,4,6,7,7,7,8,7,9,1,1,7,5,8,6,8
3:4,8,6,9,4,2,6,7,7,1,9,4,7,8,1,9,1,7,4,1,5,8,5,7,2,2,8,9,5,4
4:9,7,2,5,2,5,3,3,9,1,1,7,7,7,7,7,1,2,4,3,3,8,2,8,6,3,3,2,8,9
5:3,7,6,6,2,9,8,8,5,7,9,3,1,2,2,9,1,9,6,9,2,2,8,1,5,8,3,4,8,9
6:7,4,8,3,7,3,4,8,3,9,1,5,2,4,2,1,7,3,6,6,3,5,6,7,1,8,4,7,2,1
7:3,2,4,8,9,3,1,7,5,6,2,4,8,3,5,7,3,6,9,3,2,1,2,3,6,8,1,6,8,8
8:8,9,8,4,5,8,2,9,3,7,8,4,9,8,3,1,5,1,8,1,2,8,4,3,5,4,2,1,4,1
9:5,2,2,1,7,2,1,1,8,6,9,5,3,3,7,8,8,6,2,6,9,5,1,3,1,7,9,4,9,9
10:7,6,4,5,1,8,8,4,3,1,7,4,4,9,3,7,3,7,4,5,1,2,5,5,1,9,7,9,1,3
11:4,2,3,8,8,2,9,4,9,1,8,1,6,3,4,1,5,2,9,2,4,8,1,3,5,6,3,1,9,6
12:8,9,7,5,2,3,7,6,2,3,4,5,3,2,1,4,1,4,8,2,5,7,7,2,5,7,9,7,9,6
13:4,7,5,8,1,1,1,7,6,2,3,7,2,2,7,8,6,1,2,1,5,9,6,5,2,5,2,9,5,4
14:7,9,1,4,8,7,2,2,3,3,3,6,6,2,2,4,7,4,5,6,8,9,7,6,7,6,1,2,5,2
15:6,5,6,1,3,5,1,9,8,7,4,8,9,8,8,3,5,3,5,2,9,4,1,6,1,7,9,4,7,1
16:7,9,2,5,7,1,4,3,3,2,1,4,2,5,6,4,2,7,3,8,7,2,6,7,8,4,1,6,6,1
17:9,1,2,4,7,9,5,4,8,6,1,1,7,6,3,2,9,6,5,3,3,4,4,3,8,4,4,2,1,2
18:7,3,2,7,2,6,8,2,3,6,6,5,3,4,1,2,5,7,6,3,8,5,7,1,4,1,4,4,6,6
19:3,7,6,6,2,9,8,8,5,7,9,3,1,2,2,9,1,9,6,9,2,2,8,1,4,8,3,4,8,4
20:7,3,5,1,3,4,8,5,2,9,8,8,6,1,7,6,6,7,4,1,8,1,8,4,7,2,6,9,2,2
21:4,3,5,6,2,9,7,5,1,2,5,1,5,2,6,1,2,9,2,1,1,4,1,3,9,1,8,7,9,5
22:1,1,1,3,4,3,1,6,2,2,8,8,1,4,1,8,7,1,1,3,4,3,5,2,1,9,7,5,9,1
23:4,1,6,9,4,2,6,7,7,1,9,4,7,8,1,9,1,7,4,1,5,8,5,7,2,2,8,9,5,9
24:3,9,8,5,6,2,9,7,6,9,1,7,7,8,9,6,9,8,4,3,5,1,6,4,6,5,9,9,3,7
25:6,7,2,9,7,1,4,8,5,3,9,4,7,2,1,8,3,9,5,3,2,1,7,5,9,4,6,7,4,2
26:8,6,3,3,6,6,8,6,6,1,8,6,6,9,7,4,1,8,7,5,7,7,5,9,3,4,2,2,1,8
27:2,2,6,4,6,7,3,1,8,4,8,8,5,8,3,6,5,5,3,4,5,5,5,1,6,5,8,3,2,5
28:8,5,9,4,7,1,3,8,8,2,8,7,7,7,4,6,8,9,9,8,1,2,6,8,3,2,6,1,6,4
29:9,7,6,3,6,6,9,8,9,2,1,9,8,7,8,6,9,9,3,7,4,9,8,4,3,7,3,4,8,7
30:5,8,1,2,5,4,2,5,9,4,7,2,3,6,5,3,9,7,5,4,1,3,2,9,8,6,7,3,7,5
31:4,7,9,7,2,6,5,5,8,1,1,7,1,1,3,2,1,7,8,8,4,2,3,7,9,7,4,2,5,3
32:6,4,9,1,4,6,4,8,2,3,4,7,5,6,4,2,2,1,6,9,8,3,1,1,7,6,6,5,4,2
33:4,2,6,3,6,7,4,7,3,5,2,7,7,6,6,3,7,6,7,1,9,1,6,7,7,4,6,3,9,1
34:9,3,4,5,2,5,7,6,1,7,6,2,2,6,4,6,1,7,1,2,5,8,9,7,2,4,9,6,8,3
35:8,7,9,7,9,2,3,1,3,4,4,1,6,5,9,8,1,9,3,4,8,4,5,9,5,5,4,2,5,6
36:1,1,3,3,2,1,3,4,8,5,6,3,4,7,9,3,5,9,9,6,7,9,6,6,1,5,9,6,2,5
37:2,7,8,7,9,8,6,9,4,6,9,4,2,9,3,8,3,1,2,1,1,2,4,9,2,5,4,3,3,4
38:4,4,8,8,7,7,3,8,8,2,7,7,5,6,7,5,2,2,1,9,4,6,9,2,2,1,8,5,3,5
39:1,7,7,5,5,8,5,2,9,6,7,3,4,7,2,7,7,2,4,3,5,8,7,4,4,8,9,4,1,9
40:6,6,1,3,1,1,6,6,4,5,6,7,8,3,3,3,1,2,1,9,4,2,4,2,5,9,6,4,1,4
41:3,7,3,6,8,5,8,7,9,6,9,4,2,4,3,4,4,1,9,9,4,8,9,8,7,3,1,1,8,7
42:8,7,9,2,2,6,1,7,3,9,2,6,7,6,9,1,1,9,3,9,3,4,2,4,1,6,1,7,2,4
43:4,6,8,9,5,9,6,9,2,2,4,5,7,7,3,3,5,4,4,2,9,1,2,2,9,5,5,3,8,7
44:4,5,1,4,2,5,8,4,4,1,5,7,2,6,4,8,1,1,1,3,1,6,6,7,8,9,7,4,8,4
45:3,8,3,7,5,7,9,1,1,9,1,3,6,3,2,6,3,1,8,3,8,6,4,1,3,1,1,3,6,2
46:5,8,1,2,5,4,2,3,9,4,7,2,3,6,5,3,9,7,5,4,1,3,2,9,8,6,7,3,7,8
47:3,5,6,2,5,9,1,9,7,8,5,6,3,5,6,5,9,7,4,8,7,7,8,3,4,8,3,7,4,3
48:3,3,8,6,4,8,6,7,7,8,5,5,1,2,8,1,9,7,1,5,8,6,4,7,3,8,5,3,4,2
49:9,1,5,5,8,3,7,6,8,6,1,1,1,5,2,2,6,5,4,7,4,8,3,7,6,3,1,3,7,9
50:5,9,5,6,8,8,8,7,7,7,4,7,6,3,2,7,9,8,8,2,3,5,1,3,5,6,1,4,9,6
51:4,9,9,1,4,8,4,5,9,9,1,6,8,3,6,7,8,6,4,4,7,3,3,9,5,9,9,5,8,1
52:2,5,8,1,3,4,6,2,6,5,3,8,6,1,6,8,3,6,8,8,9,7,3,3,3,5,7,8,2,5
53:1,5,8,7,4,6,6,3,5,7,8,6,3,7,7,7,9,8,9,5,1,8,4,5,2,2,1,1,7,7
54:9,9,9,9,2,9,4,3,4,6,4,9,8,7,6,5,1,1,3,5,8,8,6,3,5,4,1,5,6,6
55:9,7,9,7,2,6,5,5,8,1,1,7,1,1,3,2,1,7,8,8,4,2,3,7,9,7,4,2,5,3
56:5,4,4,9,7,2,6,3,7,3,8,9,1,3,1,5,2,9,3,8,8,4,1,6,1,5,7,8,5,9
57:9,2,4,4,1,8,8,2,6,6,1,8,1,4,2,7,1,9,6,8,8,3,5,7,6,7,4,5,9,6
58:2,4,9,5,1,9,1,1,4,6,1,2,9,6,8,2,6,2,4,5,8,3,4,8,6,7,4,9,4,2
59:1,6,9,4,6,1,4,4,2,1,1,2,5,3,6,9,5,6,3,2,6,2,6,7,4,7,8,5,1,5
60:6,1,7,1,1,3,8,4,6,3,6,3,1,3,2,9,7,1,2,1,1,4,6,3,5,8,2,1,4,5
61:5,1,5,7,3,6,8,1,7,8,5,7,3,5,1,9,6,4,3,7,2,1,3,6,1,2,5,3,8,4
62:3,2,2,1,8,1,6,9,2,9,2,8,3,3,6,8,7,6,3,4,5,1,8,5,4,8,3,3,2,4
63:3,3,3,1,6,4,4,7,1,3,9,6,7,7,6,7,9,8,2,2,6,3,1,7,5,4,6,9,1,6
64:7,1,5,7,2,3,6,3,2,4,5,4,1,3,3,2,2,7,6,5,3,7,6,6,6,9,4,1,7,5
65:8,4,7,4,4,4,5,1,4,1,6,8,9,3,4,7,5,9,3,5,1,3,2,1,2,3,4,6,1,5
66:1,1,3,3,2,1,3,4,8,5,6,3,4,7,9,3,5,9,9,6,7,9,6,6,1,5,9,6,2,5
67:6,3,9,7,7,9,5,2,4,1,5,6,1,9,3,3,5,7,6,7,2,9,3,2,5,1,1,8,3,7
68:6,9,4,1,5,7,2,1,6,3,5,7,8,6,8,3,5,5,1,5,2,9,3,1,3,2,5,9,7,8
69:8,9,1,3,6,1,8,6,1,8,1,5,7,3,9,1,2,6,2,1,7,7,3,2,7,9,8,7,3,7
70:2,3,7,1,3,1,9,4,5,8,7,2,2,7,4,6,4,7,9,7,7,2,4,8,3,3,6,8,2,5
71:9,3,8,8,4,4,8,6,1,1,5,7,4,6,2,5,7,3,3,4,2,3,1,2,5,9,2,1,2,8
72:5,1,5,7,3,6,8,1,7,8,5,7,3,5,1,9,6,4,3,7,3,1,3,6,1,2,5,3,8,4
73:1,7,1,6,4,1,1,2,6,5,4,4,2,6,3,1,5,5,6,6,3,7,3,7,7,2,6,4,5,3
74:6,6,3,6,8,4,4,2,6,6,1,2,6,9,3,6,1,3,7,8,9,1,9,3,9,6,5,3,9,1
75:6,5,6,7,1,9,6,5,7,9,6,9,1,6,6,7,9,7,2,2,6,6,8,6,2,9,6,5,1,5
76:9,7,6,3,6,6,9,8,9,2,1,9,8,7,8,6,9,9,3,7,4,9,8,4,3,7,3,8,8,7
77:9,6,4,4,4,6,8,2,3,8,5,3,4,1,4,2,8,8,8,9,5,1,7,2,8,3,9,3,9,4
78:8,3,2,2,3,9,4,5,7,9,5,2,7,4,8,5,9,7,2,9,8,9,7,2,4,8,4,5,3,5
79:2,7,8,8,5,8,4,5,3,2,9,7,1,8,2,7,3,2,2,4,6,2,6,7,9,7,6,2,8,1
80:2,3,9,1,2,6,7,9,5,6,9,3,1,6,1,9,4,5,2,2,9,8,8,4,5,2,7,3,5,5
81:7,3,6,4,4,7,6,1,5,6,4,1,8,9,5,4,6,8,5,2,8,7,7,5,2,9,2,4,6,7
82:2,1,7,5,3,1,5,1,3,1,2,1,9,4,7,3,3,6,9,1,4,3,4,9,4,1,4,9,5,8
83:4,8,4,4,1,6,7,2,3,4,2,3,5,5,3,7,6,1,6,5,6,6,5,6,2,6,2,5,3,1
84:5,3,8,1,6,8,6,1,7,8,2,5,7,2,2,1,4,5,9,7,1,5,9,5,9,7,1,7,5,3
85:6,5,8,9,2,7,2,2,5,9,8,2,6,2,4,6,3,4,7,4,3,9,4,1,7,2,7,8,5,2
86:2,1,4,1,8,5,9,1,7,2,7,5,3,6,6,3,2,8,9,6,3,8,4,2,7,9,9,4,3,5
87:7,1,5,7,2,3,6,3,2,4,5,4,1,3,3,2,2,7,6,5,3,8,6,6,6,9,4,1,7,4
88:7,1,3,3,2,2,9,4,6,7,6,9,6,4,4,4,1,9,8,4,2,1,8,2,3,6,6,8,9,5
89:5,6,6,2,4,8,5,6,1,1,7,4,8,8,9,1,9,8,5,6,2,2,9,4,6,2,3,9,9,6
90:9,7,9,7,2,6,5,5,8,1,1,7,1,1,3,2,1,7,8,8,4,2,3,7,9,7,4,2,5,4
91:8,5,9,2,6,4,7,1,8,2,4,8,1,5,3,8,6,3,4,7,8,4,9,5,3,4,2,3,1,6
92:9,1,1,4,8,9,7,5,4,7,4,5,5,4,7,8,9,5,9,1,6,2,9,6,2,1,3,3,6,5
93:9,6,4,4,8,1,6,5,3,5,4,8,2,1,3,9,5,1,3,1,6,1,9,1,8,9,6,4,2,9
94:6,8,4,5,7,6,6,7,1,4,8,8,5,9,6,6,7,6,6,9,1,6,1,2,6,1,7,5,9,8
95:1,6,7,9,9,8,1,5,8,3,2,4,7,9,4,7,2,5,5,9,2,8,9,6,3,6,5,9,5,4
96:3,1,6,9,4,6,9,8,9,6,9,8,2,2,7,8,6,8,6,6,6,2,9,7,6,6,1,1,5,9
97:6,2,5,1,1,5,3,5,9,6,2,6,5,2,1,1,8,2,6,3,8,2,2,1,7,7,3,5,5,6
98:5,9,5,6,8,8,8,7,7,7,4,7,6,3,2,7,9,8,8,2,3,5,1,3,5,6,1,4,9,1
99:6,2,5,1,1,5,3,5,9,6,2,6,5,2,1,1,8,2,6,3,8,2,2,1,7,7,5,5,5,8
100:6,9,9,5,1,9,6,3,8,5,9,9,3,1,6,4,3,9,7,3,8,1,8,4,1,4,1,1,6,2
101:3,4,2,1,7,1,8,6,6,3,7,1,3,1,9,1,7,9,9,2,4,4,7,3,2,5,5,7,9,8
102:3,2,5,2,1,6,3,1,4,9,2,1,2,7,8,5,3,4,6,4,3,8,1,4,7,8,1,8,1,6
103:5,2,2,1,7,2,1,1,8,6,9,5,3,3,7,8,8,6,2,6,2,5,1,3,1,7,9,4,9,9
104:4,7,6,1,9,3,1,2,9,7,4,6,1,2,2,7,3,3,9,8,2,1,5,2,6,8,9,9,9,3
105:4,5,7,2,5,2,7,7,7,5,6,6,4,9,2,5,2,5,1,8,9,6,2,5,7,9,9,2,6,5
106:4,1,2,4,7,9,5,4,8,6,1,1,7,6,3,2,9,6,5,3,3,4,4,3,8,4,4,2,1,2
107:7,1,9,3,6,9,4,4,5,6,9,2,7,7,5,4,2,4,3,6,5,3,1,7,1,4,8,2,5,3
108:8,9,8,4,5,8,2,9,3,7,8,4,9,8,8,1,5,1,8,1,2,8,4,3,5,4,2,1,4,1
109:2,2,7,8,1,6,3,3,9,5,6,6,4,5,3,9,6,1,8,7,1,4,4,2,1,9,3,9,4,8
110:6,5,6,5,8,7,2,6,7,5,9,4,7,3,2,9,6,9,7,9,5,6,9,8,1,7,9,8,4,5
111:8,6,4,8,6,2,1,9,2,6,8,1,2,1,4,5,1,2,2,9,5,5,7,4,9,1,5,9,5,1
112:9,1,3,1,7,2,5,6,2,3,7,7,1,8,1,6,7,9,9,2,8,6,8,2,3,3,4,2,7,7
113:9,6,4,4,4,6,8,2,3,8,5,3,4,1,4,2,8,8,8,9,5,9,7,2,8,3,9,3,9,1
114:8,1,1,9,7,8,1,1,7,5,3,4,7,6,9,4,6,9,7,7,8,7,9,1,1,7,5,8,6,8
115:3,8,5,2,3,8,5,4,3,1,1,5,2,8,2,6,8,8,4,9,2,7,7,4,7,4,3,8,6,1
116:1,9,3,5,1,5,5,1,5,8,3,9,4,4,8,5,5,6,1,7,5,9,3,3,2,7,4,1,8,2
117:5,7,9,3,2,4,3,5,9,4,5,5,1,8,7,8,1,5,8,9,9,3,1,5,3,4,7,8,9,1
118:9,9,9,9,2,9,4,3,5,6,4,9,8,7,6,5,1,1,3,5,8,8,6,3,5,4,1,5,6,6
119:2,5,3,6,4,3,6,2,4,4,6,3,4,7,8,4,5,3,6,9,4,2,1,9,3,7,9,7,1,3
120:5,5,2,1,6,6,2,9,1,2,8,9,3,9,9,9,1,8,3,3,7,4,1,5,4,2,5,2,4,6
121:2,1,4,1,8,5,4,1,7,2,7,5,3,6,6,3,2,8,9,6,3,8,4,2,7,9,9,4,3,5
122:2,6,7,4,9,8,8,6,2,5,8,7,3,5,7,3,9,9,2,9,1,6,2,4,8,6,7,8,9,8
123:6,9,6,7,3,6,1,8,6,8,6,8,9,8,8,1,3,3,7,2,2,2,4,4,5,4,8,6,2,4
124:4,3,5,6,2,9,7,5,1,2,5,1,5,2,6,1,2,9,2,1,1,4,1,3,9,1,8,7,9,2
125:3,1,5,2,5,6,8,9,3,3,9,3,4,7,2,3,7,6,6,8,7,9,2,2,2,4,9,6,7,1
126:6,1,7,1,1,3,8,4,6,3,6,3,1,3,2,9,7,1,2,1,1,4,6,3,5,8,2,1,4,7
127:5,4,8,6,9,9,2,5,1,3,7,7,3,2,1,4,6,8,3,4,5,3,4,8,1,6,5,7,1,9
128:3,3,3,1,6,4,4,7,1,3,9,6,7,7,6,7,9,8,2,2,6,3,1,7,5,4,6,9,1,9
129:8,6,4,8,6,2,1,9,2,6,8,1,2,1,4,5,1,2,2,9,5,5,7,4,8,1,5,9,5,1
130:4,3,5,6,2,9,7,5,1,2,5,1,5,2,6,1,2,9,2,1,7,4,1,3,9,1,8,7,9,2
131:8,7,3,5,8,6,5,9,7,1,5,2,1,3,7,6,6,5,4,1,5,3,5,1,4,6,9,4,5,3
132:7,3,7,5,4,6,9,8,6,3,4,8,2,3,8,3,3,4,7,5,9,4,3,3,6,2,8,7,1,7
133:6,1,1,1,6,7,1,3,5,4,6,8,3,6,4,7,1,1,5,8,7,5,3,7,9,5,2,5,2,1
134:6,5,7,5,7,3,6,2,3,7,9,4,4,5,3,3,7,8,9,1,2,8,2,5,9,8,7,7,7,1
135:2,7,4,6,4,1,3,5,9,9,5,7,7,9,7,3,5,9,9,6,8,3,8,7,9,6,7,5,8,2
136:1,3,3,5,3,9,1,5,4,9,3,2,8,6,4,6,1,1,2,7,9,1,2,5,3,3,7,7,7,9
137:5,3,8,9,4,2,4,3,5,2,2,4,9,4,3,7,4,4,1,4,4,1,8,2,1,1,7,7,4,9
138:7,3,2,1,8,2,3,1,9,4,1,6,3,8,8,2,5,4,7,6,1,6,1,1,8,6,8,6,1,7
139:1,6,4,7,4,7,7,9,6,8,4,7,7,1,1,7,8,5,2,7,4,3,3,1,7,8,1,3,4,9
140:2,2,7,8,1,6,3,3,9,5,6,6,4,5,3,9,6,1,8,7,1,4,4,2,1,9,3,9,4,1
141:6,1,8,5,7,6,6,4,1,8,4,5,2,9,8,9,2,8,6,5,6,6,2,3,8,7,5,8,9,6
142:3,8,6,3,4,6,5,1,5,9,7,5,5,4,7,5,1,1,3,2,8,9,9,9,5,4,3,4,4,1
143:2,2,5,2,5,5,2,3,4,9,9,2,5,2,8,2,1,5,7,5,3,3,6,1,2,2,1,9,5,7
144:4,3,5,8,8,7,2,5,7,6,4,8,2,7,1,5,6,4,6,3,5,8,2,1,5,5,9,9,6,3
145:8,7,9,7,9,2,3,1,3,4,4,1,6,5,9,8,1,9,3,4,8,4,5,9,5,5,4,2,9,7
146:5,4,8,4,1,7,6,4,8,1,3,5,4,7,3,1,3,4,8,5,1,8,3,3,9,8,1,4,6,8
147:5,6,4,5,7,6,9,7,8,9,2,1,3,6,4,6,8,2,2,7,4,3,1,3,5,2,5,8,2,4
148:3,4,2,8,5,8,6,1,6,2,4,5,1,7,5,9,8,1,9,6,7,7,3,5,6,6,4,6,3,1
149:4,1,6,9,4,2,6,7,7,1,9,4,7,8,1,9,1,7,4,1,5,8,5,7,2,2,8,9,5,4
150:4,2,7,7,5,9,6,4,3,2,4,2,7,9,9,6,2,7,4,8,1,1,6,5,6,6,4,2,2,8
151:6,1,1,1,6,7,1,3,5,4,6,8,3,6,4,7,1,1,5,7,7,5,3,7,9,5,2,5,2,1
152:3,2,3,1,7,3,9,4,9,9,5,2,6,8,7,2,1,2,6,5,4,8,3,8,7,4,6,1,8,4
153:9,7,4,2,6,2,3,4,2,9,8,7,7,7,3,8,4,1,4,4,3,5,8,9,1,8,3,1,7,5
154:8,5,8,5,1,9,1,2,1,6,4,4,5,1,3,1,7,3,1,6,2,7,3,7,8,1,5,1,7,5
155:2,1,6,4,2,5,2,2,7,9,8,2,5,6,5,7,2,5,5,1,6,1,3,4,1,2,8,9,7,4
156:5,1,1,4,2,3,3,1,6,6,2,1,5,9,6,8,1,3,7,3,9,4,9,6,1,1,3,8,2,8
157:7,9,1,4,8,7,2,2,3,3,3,6,6,2,2,4,7,4,5,6,8,9,7,6,7,6,1,2,5,2
158:3,8,5,2,3,8,5,4,3,1,8,5,2,8,2,6,8,8,4,9,2,7,7,4,7,4,3,8,6,1
159:9,3,3,9,4,1,5,5,6,1,4,3,1,7,1,5,6,2,6,3,2,8,7,5,6,7,8,7,7,9
160:3,2,3,1,7,3,9,4,9,9,5,2,6,8,7,2,1,2,8,5,4,8,3,8,7,4,6,1,8,4
161:2,4,1,9,6,4,2,6,3,8,4,7,1,4,4,6,6,9,5,5,1,1,8,2,9,2,3,5,7,6
162:4,1,8,4,5,6,1,1,4,1,7,6,3,6,2,3,4,3,9,9,3,1,8,1,5,8,7,9,6,9
163:7,1,9,6,5,5,2,4,2,3,6,6,1,7,4,6,4,6,1,9,4,2,8,4,8,3,6,2,6,3
164:9,5,6,4,7,6,5,9,6,1,6,6,2,1,1,2,3,9,9,1,1,4,3,2,8,6,2,9,6,2
165:8,7,9,2,2,6,1,7,3,9,2,6,7,6,9,1,1,9,3,4,3,4,2,4,1,6,1,7,2,4
166:7,6,4,5,1,8,8,4,3,1,7,4,4,9,3,7,3,7,4,5,1,2,5,5,1,9,7,9,1,3
167:8,9,1,3,6,1,8,6,1,8,1,5,7,3,9,1,2,6,2,1,7,7,3,2,7,9,8,7,3,7
168:7,9,7,1,9,7,7,4,8,7,1,5,1,5,7,6,9,7,3,7,2,5,4,2,4,7,6,6,5,7
169:9,9,9,9,2,9,4,3,5,6,4,9,8,7,6,5,1,1,3,5,8,8,6,3,5,4,1,5,6,6
170:7,4,6,5,3,6,9,5,6,2,8,3,1,8,1,3,8,6,5,1,4,4,9,5,7,9,6,3,1,9
171:6,9,4,1,5,7,2,1,6,3,5,7,8,6,8,3,5,5,1,5,2,9,3,1,3,2,5,9,7,3
172:7,9,1,7,5,2,1,4,7,8,1,1,3,2,3,2,6,1,9,1,6,3,1,9,7,8,2,9,6,8
173:9,3,8,8,4,4,8,1,1,1,5,7,4,6,2,5,7,3,3,4,2,3,1,2,5,9,2,1,2,8
174:7,5,3,9,1,3,6,7,3,7,1,1,7,5,7,2,3,5,1,5,6,5,4,5,7,1,6,9,5,7
175:5,5,3,2,5,8,2,5,2,2,9,4,9,9,1,6,2,9,3,5,3,9,5,7,7,8,8,4,4,7
176:1,9,9,4,5,6,9,7,6,4,3,6,5,4,2,3,3,1,6,7,1,8,3,4,4,8,1,6,5,5
177:3,7,7,5,5,8,5,2,9,6,7,3,4,7,2,7,7,2,4,3,5,8,7,4,4,8,9,4,1,3
178:3,4,2,4,9,1,2,3,7,4,4,9,3,5,5,9,5,5,2,3,5,6,8,5,6,8,3,4,6,6
179:9,2,4,4,1,8,8,2,6,6,1,8,1,4,2,7,1,9,6,8,8,3,5,7,6,7,4,5,9,1
180:1,8,6,1,8,2,8,1,7,5,9,1,8,8,9,5,2,6,3,6,8,6,3,2,3,9,6,8,2,1
181:1,6,4,7,4,7,7,9,6,8,4,7,7,1,1,7,8,5,2,7,4,3,3,1,7,8,1,7,4,9
182:5,1,5,9,1,3,9,5,5,3,1,3,1,6,6,5,7,3,5,3,7,3,2,4,8,8,8,4,8,3
183:4,5,7,2,5,2,7,7,7,5,6,6,4,9,2,5,2,5,1,8,9,6,2,5,7,9,9,2,6,5
184:1,6,7,2,4,2,3,7,5,7,4,4,3,1,9,3,4,6,8,6,1,6,4,8,4,7,1,5,6,5
185:7,3,7,5,6,1,2,3,8,8,3,6,7,4,5,5,3,2,7,2,3,9,8,3,2,4,5,4,9,2
186:5,5,3,9,1,3,6,7,3,7,1,1,7,5,7,2,3,5,1,5,6,5,4,5,7,1,6,9,5,2
187:7,5,2,1,6,6,2,9,1,2,8,9,3,9,9,9,1,8,3,3,7,4,1,5,4,2,5,2,4,6
188:9,5,5,9,3,6,8,9,3,4,8,4,5,7,6,8,1,6,8,1,5,3,8,2,1,9,4,5,6,5
189:3,4,6,7,2,4,8,5,4,3,7,1,1,6,7,9,5,7,2,1,3,9,9,6,3,9,9,4,2,3
190:2,8,4,1,5,7,3,1,8,9,9,6,4,7,3,3,6,9,4,7,7,9,7,3,5,3,1,5,5,8
191:9,9,1,6,7,8,7,5,4,1,9,1,3,7,8,8,4,6,6,8,6,4,6,3,8,8,3,9,2,3
192:3,8,5,2,3,8,5,4,3,1,1,5,2,8,2,6,8,8,4,9,2,7,7,4,7,4,3,8,6,5
193:2,6,4,8,6,1,3,3,8,9,7,9,1,7,9,1,9,1,6,4,4,2,2,4,8,5,7,1,5,2
194:3,1,8,9,9,7,8,1,3,1,1,8,8,5,9,3,8,5,3,8,1,2,1,5,3,5,5,8,7,1
195:7,3,6,4,4,7,6,1,5,6,4,1,8,9,5,4,6,8,5,2,8,7,7,5,2,9,2,4,6,6
196:3,5,1,7,2,5,9,3,4,3,5,5,7,3,4,6,6,9,5,8,9,7,6,5,5,8,8,5,8,8
197:5,7,2,7,5,4,4,4,4,7,2,3,1,7,9,2,8,3,2,7,8,4,3,8,2,6,4,2,7,6
198:4,4,8,8,7,7,3,8,8,2,2,7,5,6,7,5,2,2,1,9,4,6,9,2,2,1,8,5,3,5
199:8,9,7,5,2,3,7,6,2,3,4,5,3,2,1,4,1,4,8,2,5,7,7,2,5,7,9,7,9,8
200:5,4,5,3,7,8,8,7,1,6,8,3,1,5,8,7,8,2,2,2,7,2,1,8,9,4,3,7,8,8
201:7,3,6,4,4,7,6,1,5,6,4,3,8,9,5,4,6,8,5,2,8,7,7,5,2,9,2,4,6,7
202:7,9,2,7,9,5,1,8,5,4,9,4,1,1,5,3,6,4,9,6,7,2,7,5,5,6,9,4,8,6
203:5,2,2,1,7,2,1,1,8,6,9,5,3,3,7,8,8,6,2,6,2,5,1,3,1,7,9,4,9,8
204:7,4,2,7,2,6,8,2,3,6,6,5,3,4,1,2,5,7,6,3,8,5,7,1,4,1,4,4,6,5
205:8,6,4,8,6,2,1,9,2,6,8,1,2,1,4,5,1,2,2,9,5,5,7,4,8,1,5,9,5,9
206:3,9,8,4,4,7,7,7,4,2,9,9,1,3,8,2,8,7,8,4,6,5,4,9,1,6,1,2,6,5
207:3,6,6,5,8,7,5,4,5,6,7,1,9,3,7,6,5,6,3,2,9,1,1,1,8,1,7,7,6,3
208:6,4,9,1,4,6,4,8,2,3,4,7,5,6,4,2,2,1,6,9,8,3,1,1,7,6,6,5,4,2
209:4,7,3,3,2,9,7,2,8,7,5,3,6,4,6,7,5,3,6,4,7,3,6,8,7,6,3,5,5,2
210:5,1,8,2,5,9,9,1,2,7,8,9,7,7,9,8,8,5,2,3,7,3,4,6,4,4,5,7,3,5
211:8,9,3,6,3,6,7,6,7,8,8,3,5,1,8,1,5,3,3,3,4,3,7,8,2,1,3,3,8,9
212:4,2,7,8,5,6,1,8,5,1,3,3,3,8,6,2,4,9,6,3,5,3,8,5,5,1,2,2,2,1
213:1,3,5,5,4,2,8,8,7,7,2,3,9,6,2,9,2,9,6,6,6,8,9,3,1,8,5,4,9,9
214:4,2,1,6,5,4,4,6,9,6,7,1,2,6,1,6,2,5,6,8,4,5,2,4,9,9,6,6,2,9
215:5,5,4,3,3,6,3,2,5,2,7,5,9,4,4,7,4,3,2,6,8,7,3,8,9,9,5,3,7,1
216:3,8,3,7,5,7,9,1,1,9,1,3,6,3,2,6,3,1,8,3,8,6,4,1,3,1,1,3,6,6
217:8,9,8,4,5,8,2,9,3,7,8,4,9,8,8,1,5,1,8,1,2,8,4,3,5,4,2,1,4,9
218:1,1,5,9,1,8,4,1,8,1,2,1,6,5,7,4,2,4,1,8,8,5,5,2,2,7,1,3,2,7
219:6,5,1,3,2,6,9,5,6,8,3,4,8,4,8,7,5,3,8,7,8,9,9,1,1,1,6,6,8,5
220:2,6,4,8,6,1,3,3,8,9,7,9,1,7,9,1,9,1,6,4,4,2,2,4,8,5,7,1,5,9
221:7,1,1,2,8,1,8,5,1,2,1,5,3,8,2,5,2,5,5,1,7,3,6,7,8,5,6,4,1,6
222:6,6,9,8,8,6,3,8,2,8,8,6,9,8,2,3,4,9,6,9,7,5,7,4,3,2,7,3,8,7
223:2,2,3,4,7,5,5,2,5,8,9,8,1,2,5,5,1,1,6,3,9,2,9,1,8,2,4,4,8,5
224:9,7,2,5,2,5,3,3,9,1,1,7,7,7,7,7,1,2,4,3,3,8,2,8,6,3,3,2,8,6
225:3,6,6,5,8,7,5,4,5,6,7,1,9,3,7,6,5,6,3,2,9,1,1,1,8,1,7,7,6,8
226:5,9,7,2,7,7,6,2,1,5,8,6,2,5,6,8,6,3,9,6,8,5,5,8,3,9,7,3,5,4
227:9,3,4,5,2,5,7,7,1,7,6,2,2,6,4,6,1,7,1,2,5,8,9,7,2,4,9,6,8,4
228:5,8,4,8,7,5,8,7,1,8,5,8,2,3,8,2,1,9,4,9,2,2,3,4,8,5,5,3,2,2
229:4,3,5,8,8,7,2,5,7,6,4,8,2,7,1,5,6,4,6,3,5,8,2,1,5,5,9,9,6,3
230:5,5,3,2,5,8,2,5,2,2,9,4,9,9,1,6,2,9,3,5,3,9,5,7,7,8,8,4,4,6
231:5,4,6,8,6,4,4,2,4,6,5,6,8,5,4,7,9,5,1,3,5,4,5,5,4,4,7,6,3,1
232:6,2,5,1,1,5,3,5,9,6,2,6,5,2,1,1,8,2,6,3,8,2,2,1,7,7,3,5,5,8
233:4,7,8,8,1,2,8,6,7,9,3,4,7,2,4,2,4,3,8,7,6,5,3,2,9,1,1,8,5,1
234:6,2,9,3,3,5,7,6,9,7,2,1,2,8,7,6,4,7,8,8,8,4,3,5,7,2,6,3,3,3
235:3,1,9,3,7,5,8,8,5,3,1,5,1,8,4,7,3,9,9,2,7,2,6,9,3,2,2,7,2,5
236:6,6,5,4,9,9,8,8,8,1,9,4,2,1,5,6,5,7,5,3,4,4,6,8,8,3,5,7,7,6
237:3,1,9,9,5,6,6,8,4,1,2,2,4,2,2,4,4,5,4,4,3,4,8,1,3,8,7,7,2,1
238:9,2,6,4,7,6,5,9,6,1,6,6,2,1,1,2,3,9,9,1,1,4,3,2,8,6,2,9,6,2
239:5,9,8,8,7,8,1,3,6,4,1,5,6,5,5,7,2,2,4,4,1,3,7,2,5,8,8,8,3,8
240:6,4,6,8,2,2,8,8,9,8,7,8,9,6,3,5,6,4,1,6,2,5,7,9,5,1,8,7,4,5
241:4,1,1,6,9,7,3,8,3,2,2,5,3,6,6,1,3,4,1,5,4,6,6,8,3,9,3,6,9,2
242:1,2,2,3,6,4,8,6,8,2,1,2,7,3,3,9,2,2,9,9,4,2,8,3,6,7,8,3,1,1
243:8,4,7,6,8,5,8,6,5,5,6,2,2,9,2,3,6,6,2,1,6,4,8,6,6,6,3,2,8,5
244:4,4,7,5,4,9,9,2,5,1,2,2,8,7,1,6,8,8,3,3,4,2,5,5,4,3,1,6,4,7
245:5,6,4,4,2,6,4,9,6,2,9,2,4,1,2,1,8,2,3,3,6,2,8,8,7,1,9,2,5,1
246:3,2,2,1,8,1,6,9,2,9,2,8,3,3,6,8,7,6,3,4,5,8,8,5,4,8,3,3,2,4
247:7,5,3,9,1,3,6,7,3,7,1,1,7,5,7,2,3,5,1,5,6,5,4,5,7,1,6,9,5,2
248:7,2,2,6,3,8,7,7,5,6,9,9,9,7,3,6,2,1,6,6,7,6,6,7,6,9,6,8,3,9
249:2,3,2,5,3,2,4,7,6,6,7,4,7,5,8,3,8,1,4,5,8,9,2,5,5,1,2,9,1,8
250:7,2,6,4,7,6,5,7,9,6,2,1,7,3,9,7,9,4,7,3,9,9,6,5,9,1,6,4,1,8
251:8,3,4,2,3,4,1,8,9,3,3,8,2,8,1,5,7,8,7,3,5,8,7,5,5,5,1,9,1,2
252:5,2,6,9,6,7,6,4,4,6,6,2,7,4,8,8,2,6,5,2,7,4,2,6,1,3,3,8,6,3
253:5,9,5,6,8,8,8,7,7,7,4,7,6,3,2,7,9,8,8,6,3,5,1,3,5,6,1,4,9,6
254:7,3,7,5,5,2,3,5,2,8,8,3,3,8,5,1,9,6,8,2,8,9,1,9,5,6,7,7,1,6
255:3,3,3,1,6,4,4,7,1,3,9,6,7,7,6,7,9,8,2,2,6,3,7,7,5,4,6,9,1,6
256:6,4,3,1,5,2,1,9,1,3,3,1,8,9,8,1,9,5,4,7,5,9,6,4,2,4,6,4,9,5
257:2,5,7,1,2,1,7,9,9,2,6,1,4,7,8,1,4,5,9,8,1,2,4,8,7,1,3,8,5,8
258:3,1,5,2,6,7,7,1,3,3,2,4,9,8,1,1,9,4,4,8,8,6,6,3,8,5,2,8,7,3
259:9,2,4,4,1,8,8,2,6,6,1,8,1,4,2,7,1,9,6,8,8,3,5,3,6,7,4,5,9,1
260:2,7,4,6,4,1,3,5,9,9,5,7,7,9,6,3,5,9,9,6,8,3,8,7,9,6,7,5,8,2
261:8,7,8,2,9,6,1,5,9,2,2,3,9,7,1,2,4,8,7,7,5,4,3,9,2,1,3,3,5,3
262:6,5,7,6,5,7,3,2,7,7,5,3,5,5,8,1,2,8,5,4,1,3,4,1,5,8,4,6,5,3
263:1,1,5,2,1,3,6,8,6,6,4,1,7,8,5,7,3,9,9,8,5,7,9,7,8,6,6,1,9,6
264:5,8,1,2,5,4,2,3,9,4,7,2,3,6,5,3,9,7,5,4,1,3,2,9,8,6,7,3,7,5
265:2,6,2,1,1,7,2,9,9,6,3,3,3,5,6,1,6,9,5,5,3,5,2,9,5,1,6,5,8,3
266:6,4,6,8,8,2,8,8,9,8,7,8,9,6,3,5,6,4,1,6,2,5,7,9,5,1,8,7,4,7
267:2,2,6,4,6,7,3,1,8,4,8,8,5,8,3,6,5,5,3,4,5,5,5,1,6,5,3,3,2,5
268:6,9,8,1,5,6,9,1,9,1,6,4,4,7,8,3,9,1,1,9,9,3,3,1,7,8,2,9,1,8
269:9,1,3,1,7,2,5,6,9,3,7,7,1,8,1,6,7,9,9,2,8,6,8,2,3,3,4,2,7,7
270:5,7,2,2,6,3,2,5,9,4,2,7,3,4,8,4,5,5,1,2,8,2,7,2,4,1,4,9,9,2
271:4,7,4,8,7,5,4,9,6,1,6,6,9,7,1,4,4,9,5,7,2,6,4,1,1,2,3,4,3,9
272:6,4,4,4,2,4,4,6,4,9,9,9,7,9,5,3,4,3,9,8,1,9,5,8,8,9,4,4,2,2
273:4,8,8,1,5,9,6,2,6,6,1,2,9,3,4,6,4,2,5,4,1,9,3,6,7,6,2,4,5,2
274:9,4,8,1,2,5,8,8,8,2,9,1,2,5,6,2,2,9,2,4,2,9,8,9,1,8,5,1,5,2
275:7,1,7,5,1,3,3,8,2,1,4,6,1,8,8,6,4,9,1,8,7,8,2,8,6,6,1,2,6,1
276:3,2,2,1,8,1,6,9,2,9,2,8,3,3,6,8,7,6,3,4,5,1,8,5,4,8,3,3,2,6
277:7,9,2,7,9,5,1,8,5,4,9,4,1,1,5,3,6,4,9,6,7,2,7,9,5,6,9,4,8,6
278:4,5,7,2,5,2,7,7,7,5,6,6,4,1,2,5,2,5,1,8,9,6,2,5,7,9,9,2,6,5
279:7,5,2,1,6,6,2,9,1,2,8,9,3,9,9,9,1,8,3,3,7,4,1,5,4,2,5,2,4,6
280:2,1,4,1,8,5,4,1,7,2,7,5,3,6,6,3,2,8,9,6,3,8,4,2,7,9,9,4,3,7
281:7,1,5,7,2,3,6,3,2,4,5,4,1,3,3,2,2,7,6,5,3,7,6,6,6,9,4,1,7,4
282:2,2,3,4,7,5,5,2,7,8,9,8,1,2,5,5,1,1,6,3,9,2,9,1,8,2,4,4,8,5
283:4,1,7,3,6,5,1,8,6,2,7,5,5,1,5,6,1,7,9,9,7,2,3,7,3,7,9,3,8,4
284:6,2,3,5,3,1,9,4,3,8,1,3,9,4,2,1,1,2,8,4,5,7,7,8,9,9,5,3,7,1
285:8,7,3,5,8,6,5,9,7,1,5,2,1,3,6,6,6,5,4,1,5,3,5,1,4,6,9,4,5,3
286:2,1,3,2,3,5,4,6,4,6,2,7,5,3,6,8,8,8,1,9,5,7,1,1,4,7,2,1,2,4
287:4,3,5,8,8,7,2,5,7,6,4,8,2,7,1,5,6,4,6,3,5,8,2,1,5,5,9,9,6,3
288:6,5,6,5,8,7,2,6,7,5,9,4,7,3,2,9,6,9,7,9,5,6,9,8,1,7,9,8,4,6
289:3,1,5,4,6,7,3,3,1,3,1,7,9,5,4,8,2,9,9,7,5,9,5,4,9,8,9,8,9,8
290:2,9,3,3,1,6,7,5,4,8,3,7,3,1,9,5,3,9,6,4,5,6,2,2,9,6,4,2,8,5
291:3,2,3,1,7,3,9,4,9,9,5,2,6,8,7,2,1,2,8,5,4,8,3,8,7,4,6,1,8,1
292:2,3,9,1,2,6,7,9,5,6,9,3,1,6,1,9,4,5,2,2,9,8,8,4,5,2,7,3,5,3
293:4,7,5,8,1,1,1,1,6,2,3,7,2,2,7,8,6,1,2,1,5,9,6,5,2,5,2,9,5,7
294:6,1,7,3,9,9,9,1,9,4,4,3,2,3,1,7,4,8,8,1,8,4,3,8,3,1,2,7,5,9
295:5,7,6,1,7,8,2,3,4,3,9,7,6,3,5,1,8,6,6,2,9,3,1,3,4,4,5,2,3,7
296:2,5,3,7,2,3,6,8,8,7,2,5,3,8,3,3,5,5,1,2,7,3,1,2,4,3,7,7,1,8
297:7,1,7,5,1,3,3,8,2,1,4,6,1,8,8,6,4,9,1,8,7,8,2,8,6,6,1,2,6,3
298:1,5,1,9,2,2,7,7,3,6,2,7,9,6,5,9,1,1,3,4,4,5,2,1,9,5,9,1,2,1
299:9,8,5,5,8,3,7,6,8,6,1,1,1,5,2,2,6,5,4,7,4,8,3,7,6,3,1,3,7,9
300:9,3,6,1,6,1,2,9,5,7,6,9,3,6,9,7,6,2,2,5,6,1,4,3,1,8,6,6,2,2
301:7,3,2,1,8,2,3,1,9,4,1,6,3,8,8,2,9,4,7,6,1,6,1,1,8,6,8,6,1,5
302:6,3,1,5,2,5,2,9,5,4,1,9,6,2,7,8,9,8,8,5,2,7,6,1,7,5,5,7,3,2
303:3,1,4,3,9,9,4,2,5,8,3,1,7,8,7,5,5,4,9,3,4,9,5,1,2,6,8,7,8,4
304:1,6,9,4,6,1,4,4,2,1,1,2,5,3,6,9,5,6,3,2,6,1,6,7,4,7,8,5,1,5
305:7,3,7,5,4,6,9,8,6,2,4,8,2,3,8,3,3,4,7,5,9,4,3,3,6,2,8,7,1,2
306:7,9,1,4,8,7,2,2,3,3,3,6,6,2,2,4,7,4,5,6,8,9,7,6,7,6,1,2,5,9
307:3,8,9,2,4,6,1,2,6,9,4,9,5,7,8,7,3,6,8,9,1,1,4,5,4,2,8,2,7,4
308:9,8,2,3,5,6,3,2,5,8,4,9,2,9,8,4,5,9,5,5,3,5,2,9,9,7,8,3,7,1
309:8,4,6,6,7,6,4,1,2,3,4,7,5,5,7,5,2,4,2,2,4,2,7,3,2,2,9,1,5,4
310:4,5,1,4,2,5,8,4,4,1,5,7,2,6,4,8,1,1,1,3,1,6,6,7,8,9,7,4,8,5
311:3,2,9,8,9,3,6,2,9,1,1,4,2,7,5,8,4,6,4,4,6,3,5,2,9,6,8,3,4,7
312:8,5,9,4,7,1,3,8,8,2,8,7,7,7,4,6,8,9,9,8,1,2,6,8,3,2,2,1,6,4
313:5,4,5,3,7,8,8,7,1,6,8,3,1,5,8,7,8,2,2,2,7,2,1,8,9,4,3,7,8,8
314:7,3,7,5,5,2,3,5,2,8,8,3,3,1,5,1,9,6,8,2,8,9,1,9,5,6,7,7,1,6
315:3,2,4,8,9,3,1,7,5,6,2,4,8,3,5,7,3,6,9,3,2,1,2,3,6,8,1,6,8,2
316:6,3,1,5,2,5,2,9,5,4,1,9,6,2,7,8,9,8,1,5,2,7,6,1,7,5,5,7,3,2
317:6,1,2,7,2,6,7,7,9,7,2,3,1,3,6,7,3,9,6,8,9,6,9,7,5,8,1,8,3,4
318:2,9,3,7,9,4,9,3,9,6,8,1,9,9,6,8,6,3,4,5,6,9,8,1,2,8,4,3,7,3
319:7,3,7,5,5,2,3,5,2,8,8,3,3,1,5,1,9,6,8,2,8,9,1,9,5,6,7,7,1,4
320:1,9,6,7,7,8,8,6,3,9,4,4,2,6,6,2,6,7,3,8,1,3,7,6,4,2,4,6,8,6
321:2,3,7,1,3,1,9,4,5,8,7,2,2,7,4,6,4,7,9,7,7,2,4,8,3,3,3,8,2,7
322:6,1,1,1,6,7,1,3,5,4,6,8,3,6,4,7,1,1,5,8,7,5,3,7,9,5,2,5,2,3
323:8,7,2,9,3,8,1,7,7,4,1,5,7,8,4,6,2,6,3,1,3,6,9,1,7,4,4,8,2,2
324:2,4,9,5,1,9,1,1,4,6,1,2,9,6,8,2,6,2,4,5,8,3,4,8,6,8,4,9,4,1
325:6,1,7,1,1,3,8,4,6,3,6,3,1,3,2,9,7,1,2,1,9,4,6,3,5,8,2,1,4,5
326:1,8,4,6,2,7,2,1,7,4,4,6,9,8,7,5,5,7,3,8,1,3,9,1,5,5,4,2,8,8
327:7,9,2,5,7,1,4,3,3,2,1,4,2,5,6,4,2,7,3,8,7,2,6,7,8,3,1,6,6,2
328:2,4,9,5,1,9,1,1,4,6,1,2,9,6,8,2,6,2,4,5,8,3,4,8,6,8,4,9,4,2
329:2,2,7,8,1,6,3,3,9,5,3,6,4,5,3,9,6,1,8,7,1,4,4,2,1,9,3,9,4,1
330:7,1,6,8,9,1,5,3,2,7,9,6,4,1,4,8,9,7,8,2,8,3,2,2,9,9,4,8,7,1
331:8,5,8,4,8,9,5,9,2,4,6,8,9,5,9,8,5,5,1,7,1,9,8,4,4,4,4,8,9,2
332:7,3,5,1,3,4,8,5,2,9,8,8,6,1,7,6,6,7,4,1,8,1,8,4,7,2,6,9,2,4
333:9,7,4,2,6,2,3,4,2,9,8,7,7,7,3,8,4,1,4,4,3,5,8,9,1,8,3,1,7,9
334:6,9,4,3,5,8,6,8,8,5,7,6,9,2,6,1,6,8,3,6,3,3,9,8,9,8,7,3,7,2
335:8,9,7,5,2,3,7,6,2,3,4,5,3,2,1,4,1,4,8,2,5,7,7,4,5,7,9,7,9,6
336:4,2,3,8,8,2,9,4,9,1,8,1,6,3,4,1,5,2,9,2,4,8,1,3,5,6,3,1,9,9
337:3,4,2,1,7,1,8,6,6,3,7,1,3,1,9,1,7,9,9,2,4,4,7,3,2,5,5,7,9,4
338:4,4,8,9,1,9,9,9,5,7,4,4,7,9,2,5,9,6,4,5,2,7,4,4,8,4,2,6,6,8
339:5,4,8,7,1,3,5,5,3,1,5,1,9,9,6,3,9,2,2,4,7,4,5,1,4,8,2,3,5,1
340:2,1,3,2,3,5,4,6,4,6,2,7,5,3,6,8,8,8,1,9,5,7,1,1,4,7,2,1,2,9
341:9,1,2,7,6,9,9,8,7,1,7,1,3,9,2,6,5,1,9,1,7,9,4,3,3,3,4,7,7,1
342:3,2,4,8,9,3,1,7,5,6,2,4,8,3,5,7,3,6,9,3,2,1,2,3,6,8,1,6,8,2
343:6,5,6,1,3,5,1,9,8,7,4,8,9,8,8,3,5,3,5,2,9,4,1,6,1,7,9,4,7,9
344:2,3,7,1,3,1,9,4,5,8,7,2,2,7,4,6,4,7,9,7,7,2,4,8,3,3,6,8,2,7
345:3,8,3,7,5,7,9,1,1,9,1,3,6,3,2,6,3,1,8,3,8,6,4,1,3,1,1,3,6,2
346:2,9,3,7,9,4,9,3,9,6,1,1,9,9,6,8,6,3,4,5,6,9,8,1,2,8,4,3,7,5
347:6,8,7,6,1,3,1,6,1,5,7,2,1,6,9,1,4,4,1,9,4,3,7,9,7,1,2,1,4,1
348:2,9,9,9,8,8,8,1,4,4,8,5,2,5,4,6,4,5,7,8,4,8,3,8,5,9,9,1,4,4
349:3,7,2,8,8,6,3,6,6,1,9,6,3,4,2,6,8,6,3,1,8,1,6,7,7,2,7,3,3,7
350:3,4,2,1,7,1,8,6,8,3,7,1,3,1,9,1,7,9,9,2,4,4,7,3,2,5,5,7,9,4
351:5,9,8,8,7,8,1,3,6,4,1,5,6,5,5,7,2,2,4,4,1,3,7,2,5,8,8,8,3,1
352:8,3,4,8,6,1,8,4,5,9,2,3,8,3,5,7,1,6,9,5,5,3,5,1,2,2,7,1,2,6
353:8,2,4,9,1,7,2,8,6,1,6,8,2,6,4,9,9,8,2,2,4,5,7,2,4,6,3,5,1,7
354:7,4,2,7,2,6,8,2,3,6,6,5,3,4,1,2,5,7,6,3,8,5,7,1,4,1,4,4,6,6
355:9,9,7,6,9,8,7,5,1,9,1,3,8,2,7,2,4,2,3,9,8,6,9,5,1,7,2,9,3,7
356:1,1,3,3,2,1,3,4,8,5,6,3,4,7,9,3,5,9,9,6,7,9,6,6,1,5,9,6,2,5
357:1,9,6,7,7,8,8,6,3,9,4,4,2,6,6,2,6,2,3,8,1,3,7,6,4,2,4,6,8,1
358:6,5,7,6,5,7,8,4,9,3,3,7,8,3,3,6,6,6,2,3,1,2,5,9,1,7,2,3,4,6
359:2,3,6,8,1,8,7,6,2,8,2,2,1,5,6,7,6,3,9,8,4,5,4,2,8,6,3,5,7,5
360:6,1,7,2,9,5,5,2,4,5,9,7,1,1,6,8,7,7,8,7,8,7,2,2,2,2,1,9,3,6
361:7,3,2,2,6,9,1,9,5,2,2,8,4,1,9,7,6,9,5,3,6,2,1,8,4,1,2,3,4,4
362:8,5,8,4,8,9,5,9,2,4,6,8,9,5,9,8,5,5,7,7,1,9,8,4,4,4,4,8,9,5
363:1,2,8,7,5,1,2,4,2,2,2,8,4,5,4,2,6,5,7,7,2,7,1,1,4,6,6,8,4,6
364:4,5,1,4,2,1,8,4,4,1,5,7,2,6,4,8,1,1,1,3,1,6,6,7,8,9,7,4,8,4
365:8,5,8,4,8,9,5,9,2,4,6,8,9,5,9,8,5,5,1,7,1,9,8,4,4,4,4,8,9,5
366:7,3,5,7,4,9,9,4,7,2,3,9,2,1,7,3,8,4,9,4,6,2,5,1,9,9,1,8,3,1
367:6,5,6,5,8,7,2,6,7,5,9,8,7,3,2,9,6,9,7,9,5,6,9,8,1,7,9,8,4,6
368:2,2,3,4,7,5,5,2,7,8,9,8,1,2,5,5,1,1,6,3,9,2,9,1,8,2,4,4,8,7
369:5,6,7,8,1,9,6,4,8,6,6,2,3,2,4,6,9,7,3,9,4,4,6,6,6,5,6,9,8,6
370:1,7,7,5,5,8,5,2,9,6,7,3,4,7,2,7,7,2,4,3,5,8,7,4,4,8,9,4,1,3
371:2,1,4,4,8,8,5,2,1,9,1,9,1,9,7,9,1,1,5,4,8,4,2,8,6,3,7,1,8,8
372:5,9,3,4,6,9,9,5,8,6,5,4,9,3,1,9,6,8,7,6,8,8,9,9,5,2,8,9,9,5
373:6,7,9,9,7,1,4,8,5,3,9,4,7,2,1,8,3,9,5,3,2,1,7,5,9,4,6,7,4,7
374:2,3,9,1,4,6,7,9,5,6,9,3,1,6,1,9,4,5,2,2,9,8,8,4,5,2,7,3,5,3
375:1,3,5,7,1,8,9,8,4,5,5,6,1,3,3,2,3,8,4,5,7,8,2,4,5,5,4,1,5,6
376:4,7,3,5,9,5,1,1,1,8,9,9,5,9,4,2,9,7,6,6,9,2,5,4,2,8,4,9,2,7
377:3,6,6,5,8,6,5,4,5,6,7,1,9,3,7,6,5,6,3,2,9,1,1,1,8,1,7,7,6,3
378:1,6,7,9,9,8,1,9,8,3,2,4,7,9,4,7,2,5,5,9,2,8,9,6,3,6,5,9,5,6
379:7,1,7,5,1,3,3,8,2,1,4,6,1,8,8,5,4,9,1,8,7,8,2,8,6,6,1,2,6,1
380:7,3,5,1,3,4,8,5,2,9,8,8,6,1,7,6,6,7,4,1,8,1,8,4,7,2,8,9,2,4
381:5,6,6,2,4,8,5,6,1,1,7,4,8,8,9,1,9,8,5,6,2,2,9,4,6,2,3,9,9,4
382:3,4,7,7,8,3,1,2,1,8,3,5,8,9,3,8,1,7,1,9,5,5,5,9,8,2,4,3,2,1
383:8,1,2,9,1,9,4,8,8,9,9,2,8,8,6,2,3,7,9,2,7,7,7,8,8,6,7,7,9,1
384:5,6,4,4,2,6,4,9,6,2,9,2,4,1,2,1,8,2,3,3,6,2,8,1,7,1,9,2,5,1
385:9,2,6,4,7,6,5,9,6,1,6,6,2,1,1,2,3,9,9,1,1,4,3,2,8,6,2,9,6,6
386:4,7,8,1,7,4,6,3,9,8,7,3,7,8,3,9,6,5,5,1,4,5,1,2,5,6,9,4,7,5
387:6,1,9,3,8,5,9,1,5,5,8,8,7,9,3,4,3,1,6,5,7,6,5,2,3,5,4,8,5,2
388:5,2,7,3,7,3,6,1,2,3,4,3,1,5,7,1,7,5,9,9,6,9,6,7,4,5,7,2,9,4
389:7,4,8,3,7,3,4,8,3,9,1,5,2,4,2,1,7,3,6,6,3,5,6,7,1,8,4,7,2,1
390:7,9,2,7,9,5,1,8,5,4,9,4,1,1,5,3,6,4,9,6,7,2,7,5,5,6,9,4,8,3
391:4,3,1,6,9,7,3,8,3,2,2,5,3,6,6,1,3,4,1,5,4,6,6,8,3,9,3,6,9,1
392:9,9,1,6,7,8,7,5,4,1,9,1,3,7,8,8,4,6,6,8,6,4,6,3,8,8,3,9,2,1
393:3,9,8,5,6,2,9,7,6,9,1,7,7,8,9,6,9,8,4,3,5,1,7,4,6,5,9,9,3,3
394:5,6,6,2,4,8,5,6,1,1,7,4,8,8,9,1,9,8,5,6,2,2,9,4,6,2,3,9,4,4
395:9,3,4,5,2,5,7,6,1,7,6,2,2,6,4,6,1,7,1,2,5,8,9,7,2,4,9,6,8,4
396:6,8,5,6,2,4,9,1,4,5,2,4,8,7,7,2,1,1,4,7,4,7,6,2,3,7,1,8,2,2
397:7,9,2,5,7,1,4,3,3,2,1,4,2,5,6,4,2,7,3,8,7,2,6,7,8,4,1,6,6,2
398:8,9,1,3,6,1,8,6,1,8,1,5,7,3,9,1,2,6,2,1,7,7,3,2,6,9,8,7,3,7
399:2,8,3,8,7,5,6,4,1,1,2,5,4,2,6,6,5,9,2,5,1,7,9,1,3,4,2,8,6,3
400:4,7,5,8,1,1,1,1,6,2,3,7,2,2,7,8,6,1,2,1,5,9,6,5,2,5,2,9,5,4
401:3,5,7,1,8,6,6,9,9,2,6,8,2,9,7,7,2,3,3,1,4,7,9,8,2,5,1,5,5,8
402:8,1,5,5,6,5,8,1,9,2,9,5,2,5,6,1,7,9,8,9,9,9,8,1,6,2,3,3,6,1
403:7,1,7,5,9,8,1,9,1,3,4,9,1,9,6,8,1,1,9,9,2,8,6,1,4,8,7,8,2,9
404:8,3,7,7,9,8,8,4,3,1,8,8,1,8,7,9,5,1,5,4,2,8,3,5,7,8,9,5,1,4
405:9,9,7,6,9,8,7,5,1,6,1,3,8,2,7,2,4,2,3,9,8,6,9,5,1,7,2,9,3,2
406:8,5,9,4,7,1,3,8,8,2,8,7,7,7,4,6,8,9,9,8,1,2,6,8,3,2,2,1,6,9
407:7,3,7,8,6,4,6,5,6,4,4,7,1,6,2,4,7,6,7,3,4,9,8,7,7,9,8,2,7,3
408:6,1,7,7,5,5,9,5,9,3,8,3,7,5,6,8,1,3,7,4,1,4,9,7,2,9,5,8,9,6
409:9,7,2,5,2,5,3,3,9,1,1,7,7,7,7,7,1,2,4,3,3,8,2,8,6,3,3,2,8,9
410:8,7,3,5,8,6,5,9,7,1,5,2,1,3,6,6,6,5,4,1,5,3,5,1,4,6,9,4,5,9
411:2,2,6,4,6,7,3,1,8,4,8,8,5,8,3,6,5,5,3,4,5,5,5,1,6,5,8,3,2,2
412:1,4,2,7,6,6,7,3,7,9,7,1,5,7,9,9,6,3,4,1,7,5,2,4,5,1,9,4,2,2
413:3,8,6,7,3,1,8,8,7,8,2,2,2,4,5,6,1,2,1,2,2,9,1,8,1,7,2,6,6,8
414:4,4,3,6,4,4,8,8,9,5,9,5,6,4,6,1,6,4,6,9,7,9,8,1,3,7,6,3,5,8
415:8,5,2,5,9,8,6,3,9,2,8,2,2,8,2,2,3,2,4,6,5,4,2,6,2,6,6,1,6,7
416:8,7,9,7,9,2,3,1,3,4,4,1,6,5,9,8,1,9,3,4,8,4,5,9,5,5,4,2,9,6
417:8,8,1,7,9,8,9,6,1,7,1,5,1,6,1,6,6,4,7,5,6,7,6,1,8,4,9,1,8,5
418:2,9,3,7,9,4,9,3,9,6,1,1,9,9,6,8,6,3,4,5,6,9,8,1,2,8,4,3,7,3
419:5,3,2,3,1,4,3,3,9,5,1,6,5,1,8,5,4,8,9,2,5,1,4,7,7,1,9,4,9,4
420:4,2,3,8,8,2,9,4,9,1,8,1,6,3,4,1,5,5,9,2,4,8,1,3,5,6,3,1,9,9
421:2,7,4,6,4,1,3,5,9,9,5,7,7,9,7,3,5,9,9,6,8,3,8,7,9,6,7,5,8,2
422:9,3,8,8,4,4,8,6,1,1,5,7,4,6,2,5,7,3,3,4,2,3,1,2,5,9,2,1,2,7
423:5,4,5,3,7,8,8,7,1,6,8,3,1,5,8,7,6,2,2,2,7,2,1,8,9,4,3,7,8,8
424:3,9,8,5,6,2,9,7,6,9,1,7,7,8,9,6,9,8,4,3,5,1,7,4,6,5,9,9,3,7
425:6,7,6,1,7,5,9,9,9,5,3,4,8,3,6,2,2,1,5,8,3,4,6,9,5,8,3,5,4,5
426:8,7,9,2,2,6,1,7,3,9,2,6,7,6,9,1,1,9,3,9,3,4,2,4,1,6,1,7,2,5
427:4,1,1,7,5,6,4,4,5,4,1,9,1,3,4,7,8,2,9,1,7,5,9,3,4,7,9,8,6,8
428:7,2,2,6,3,8,7,7,5,6,9,9,9,7,3,6,2,1,6,6,7,6,6,7,6,9,6,8,3,9
429:6,3,1,5,2,5,2,9,5,4,1,9,6,2,7,8,9,8,8,5,2,7,6,1,7,5,5,7,3,9
430:9,9,7,6,9,8,7,5,1,6,1,3,8,2,7,2,4,2,3,9,8,6,9,5,1,7,2,9,3,7
431:5,8,4,8,7,5,8,7,1,8,5,8,2,3,8,2,5,9,4,9,2,2,3,4,8,5,5,3,2,5
432:7,6,4,5,1,8,8,4,3,1,7,4,4,9,3,7,3,7,4,5,1,2,5,5,1,9,6,9,1,3
433:2,1,4,4,8,7,3,6,6,8,8,1,3,9,5,6,4,7,9,9,5,5,5,3,2,6,4,8,4,1
434:9,7,6,3,6,6,9,8,9,2,1,9,8,7,8,6,9,9,3,7,4,9,8,4,3,7,3,4,8,3
435:7,4,6,6,7,6,4,1,2,3,4,7,5,5,7,5,2,4,2,2,4,2,7,3,2,2,9,1,5,4
436:1,8,9,1,7,5,7,6,8,2,8,4,8,2,7,6,3,9,1,2,6,6,2,5,4,5,8,5,5,2
437:5,6,4,4,2,6,4,9,6,2,9,2,4,1,2,1,8,2,3,3,6,2,8,1,7,1,9,2,5,8
438:7,3,2,1,8,2,3,1,9,4,1,6,3,8,8,2,5,4,7,6,1,6,1,1,8,6,8,6,1,5
439:6,9,9,5,1,9,6,3,8,5,9,9,3,1,6,4,3,9,7,3,8,1,8,4,1,4,1,1,6,6
440:8,7,5,4,9,3,1,1,7,7,3,8,3,7,5,2,7,8,2,9,7,9,5,9,2,8,3,5,5,4
441:6,4,9,4,6,9,5,7,2,5,3,3,4,8,2,9,6,9,6,8,3,8,7,2,5,9,3,7,3,6
442:4,3,1,6,9,7,3,8,3,2,2,5,3,6,6,1,3,4,1,5,4,6,6,8,3,9,3,6,9,2
443:7,4,8,3,2,6,3,9,2,8,1,6,9,9,3,5,8,9,1,2,4,2,9,7,1,7,1,1,6,6
444:1,7,5,8,8,9,7,1,2,6,4,7,6,6,1,2,3,2,8,2,6,2,6,5,2,7,1,6,7,3
445:6,4,9,6,4,6,4,8,2,3,4,7,5,6,4,2,2,1,6,9,8,3,1,1,7,6,6,5,4,2
446:5,3,5,7,9,7,9,4,4,6,9,8,2,5,4,9,6,4,3,4,1,5,1,6,1,1,9,1,2,6
447:7,8,3,1,6,7,7,6,2,4,3,5,4,5,8,8,8,6,5,8,4,5,8,3,7,6,3,1,3,1
448:1,5,1,1,9,3,1,6,6,3,2,2,2,5,9,3,8,2,3,9,5,1,2,3,9,1,3,7,3,7
449:6,4,5,9,9,2,2,3,4,2,5,1,5,8,7,8,5,5,4,2,7,1,4,2,5,1,7,6,1,9
450:9,9,1,6,7,8,7,5,4,1,9,1,3,7,8,8,4,6,6,8,6,4,6,3,8,8,3,9,2,1
451:3,7,3,5,2,6,4,6,6,3,3,2,3,2,7,5,4,5,7,4,7,7,6,2,2,7,5,3,9,5
452:4,4,8,8,7,7,3,8,8,2,7,7,5,6,7,5,2,2,1,9,4,6,9,2,2,1,8,5,3,8
453:7,4,6,6,7,6,4,1,2,3,4,7,5,5,7,5,2,4,2,2,4,2,7,3,2,2,9,1,5,9
454:9,1,8,7,4,6,2,4,6,3,2,5,5,6,5,1,4,6,4,6,5,6,9,7,6,9,4,3,7,7
455:7,1,5,7,3,9,3,9,5,3,9,4,8,5,2,8,9,3,8,7,2,1,4,5,6,5,4,6,6,5
456:5,9,8,8,2,8,1,3,6,4,1,5,6,5,5,7,2,2,4,4,1,3,7,2,5,8,8,8,3,1
457:6,4,1,2,9,2,2,9,9,8,3,9,9,5,5,4,2,8,7,7,5,8,3,7,4,7,9,9,1,3
458:6,4,6,8,2,2,8,8,9,8,7,8,9,6,3,5,6,4,1,6,2,5,7,9,5,1,8,7,4,7
459:8,1,1,9,7,8,1,1,7,5,3,4,7,6,9,4,6,7,7,7,8,7,9,1,1,7,5,8,6,2
460:9,6,4,4,4,6,8,2,3,8,5,3,4,1,4,2,8,8,8,9,5,9,7,2,8,3,9,3,9,4
461:1,6,9,4,6,1,4,4,2,1,1,2,5,3,6,9,5,6,3,2,6,2,6,7,4,7,8,5,1,2
462:7,3,7,5,4,6,9,8,6,3,4,8,2,3,8,3,3,4,7,5,9,4,3,3,6,2,8,7,1,2
463:2,1,3,2,3,5,4,6,4,6,2,8,5,3,6,8,8,8,1,9,5,7,1,1,4,7,2,1,2,9
464:6,4,4,6,4,9,9,8,9,9,9,9,9,9,6,2,4,4,7,5,1,7,3,6,9,5,2,3,6,5
465:3,7,6,6,2,9,8,8,5,7,9,3,1,2,2,9,1,9,6,9,2,2,8,1,5,8,3,4,8,4
466:8,3,4,8,8,8,4,6,7,3,5,6,7,5,3,5,3,6,2,3,7,4,3,5,4,5,5,6,7,6
467:9,1,2,4,7,9,5,4,8,6,1,1,7,6,3,2,9,6,5,3,3,4,4,3,8,4,4,2,1,7
468:6,5,6,1,3,5,1,9,8,7,4,8,9,8,8,3,5,3,5,2,9,4,1,6,1,7,9,4,7,9
469:7,4,8,3,7,3,4,8,3,9,1,5,2,4,2,1,7,3,6,5,3,5,6,7,1,8,4,7,2,1
470:9,3,1,3,1,3,2,1,3,8,4,4,4,5,5,4,5,2,2,2,7,4,3,7,7,9,5,8,2,8
471:1,6,4,7,4,7,7,9,6,8,4,7,7,1,1,7,8,5,2,7,4,3,3,1,7,8,1,3,4,6
472:5,6,1,3,3,9,2,1,1,9,2,3,8,2,4,8,9,7,2,4,6,6,2,4,3,5,6,3,3,2
473:9,8,5,5,8,3,7,6,8,6,1,1,1,5,2,2,6,5,4,7,4,8,3,7,6,3,1,3,7,6
474:6,9,4,1,5,7,2,1,6,3,5,7,8,6,8,3,5,5,1,5,2,5,3,1,3,2,5,9,7,8
475:3,7,4,9,8,1,3,4,1,9,6,5,5,3,5,5,5,1,3,5,3,3,3,9,8,5,8,3,6,4
476:1,9,6,7,7,8,8,6,3,9,4,4,2,6,6,2,6,7,3,8,1,3,7,6,4,2,4,6,8,1
477:9,1,3,1,7,2,5,6,9,3,7,7,1,8,1,6,7,9,9,2,8,6,8,2,3,3,4,2,7,3
478:6,7,4,6,2,7,4,5,2,2,9,6,3,4,2,7,6,8,8,1,3,7,8,6,4,7,8,2,1,3
479:5,1,5,7,3,6,8,1,7,8,5,7,3,5,1,9,6,4,3,7,2,1,3,6,1,2,5,3,8,4
480:2,6,9,5,1,6,8,4,1,4,9,2,7,2,6,5,4,5,9,7,8,1,9,9,3,3,5,4,6,4
481:5,7,3,9,8,2,6,1,7,4,4,7,6,4,7,3,8,1,9,4,2,9,2,9,4,6,2,2,6,9
482:7,2,2,6,3,8,7,7,5,6,9,9,9,7,3,6,2,1,6,6,7,6,6,7,2,9,6,8,3,9
483:7,6,8,3,8,4,2,6,5,5,2,5,4,2,6,9,8,8,8,1,4,7,9,7,6,6,5,9,1,7
484:1,6,7,9,9,8,1,9,8,3,2,4,7,9,4,7,2,5,5,9,2,8,9,6,3,6,5,9,5,4
485:5,2,3,2,5,8,2,5,2,2,9,4,9,9,1,6,2,9,3,5,3,9,5,7,7,8,8,4,4,6
486:9,9,4,2,6,2,3,4,2,9,8,7,7,7,3,8,4,1,4,4,3,5,8,9,1,8,3,1,7,9
487:9,1,6,9,9,1,3,3,2,8,5,7,2,6,2,1,8,2,4,3,4,5,4,5,1,7,1,5,9,9
488:4,2,6,3,6,7,4,7,3,5,2,7,7,6,6,3,7,6,7,1,9,1,6,7,7,4,6,3,9,8
489:7,9,1,5,9,9,5,1,6,1,6,3,7,7,7,4,9,2,3,4,2,2,4,4,7,5,4,5,7,8
490:5,2,7,4,8,1,7,4,5,3,8,5,6,3,2,1,5,2,1,1,5,4,9,1,3,3,8,7,4,2
491:2,6,4,8,6,1,3,3,8,9,7,9,1,7,9,1,9,1,6,4,4,2,2,4,2,5,7,1,5,2
492:6,9,9,5,1,9,6,3,8,5,9,9,3,1,6,4,3,9,7,3,8,1,8,4,1,4,1,6,6,2
493:2,9,6,7,6,2,6,2,2,4,6,3,8,7,1,2,3,2,6,2,1,8,4,8,9,5,1,6,8,1
494:5,8,4,8,7,5,8,7,1,8,5,8,2,3,8,2,5,9,4,9,2,2,3,4,8,5,5,3,2,2
495:4,2,6,3,6,7,4,7,3,5,2,2,7,6,6,3,7,6,7,1,9,1,6,7,7,4,6,3,9,8
496:7,5,5,9,7,2,6,6,7,2,6,5,6,8,4,9,4,7,1,8,1,2,7,7,5,3,3,2,7,3
497:6,7,2,9,7,1,4,8,5,3,9,4,7,2,1,8,3,9,5,3,2,1,7,5,9,4,6,7,4,7
498:2,3,3,9,8,7,5,1,7,1,8,1,5,9,9,3,3,2,6,4,5,2,5,9,8,2,6,5,1,1
499:7,4,8,9,5,8,3,6,3,4,2,6,6,9,9,3,3,4,5,1,1,3,3,7,2,4,2,8,3,2
500:4,1,9,5,5,7,5,4,6,7,6,8,3,9,8,7,3,5,6,5,4,1,2,2,8,1,1,8,8,8
